	sham.pval	sham.fdr	sna.pval	sna.fdr	sna.log2Ratio.fwd	sna.log2Ratio.rev	sham.log2Ratio.fwd	sham.log2Ratio.rev	sna.mean	sham.mean	FisherP	FisherFDR
A0A0D4DAH6	0.000182260940598716	0.000999397490949628	5.46817144197264e-07	3.96760346487317e-06	-4.031810429	4.261455595	-3.983566438	6.450534948	-4.146633012	-5.217050693	2.39483418649082e-09	1.5925647340164e-08
A2J1C8	0.00073978867970057	0.00269922170756625	1.92917659459452e-08	2.14965391969104e-07	-3.395245456	5.895157181	NA	4.817981329	-4.6452013185	-4.817981329	3.70678437910995e-10	2.90001366130367e-09
A2MY50	0.000944023463279044	0.00320189401462686	7.89609927869194e-06	3.79012765377213e-05	-4.867794325	2.534833557	-6.122805453	3.365552572	-3.701313941	-4.7441790125	1.46953922437287e-07	7.2388413645034e-07
A2NW55	0.000341585092697234	0.00156085410413041	6.48665618658119e-07	4.59962893230303e-06	-4.119566797	NA	-5.043015562	NA	-4.119566797	-5.043015562	5.14723386246614e-09	3.18410280794417e-08
A2NW56	0.0183552520170146	0.0275747849935973	2.09837043073738e-05	8.96837773137072e-05	-2.29003891	4.759049279	-2.867225767	4.514753498	-3.5245440945	-3.6909896325	6.07383927401455e-06	1.94655571914201e-05
Actc1	0.535324881514782	0.599054034076066	0.591354183733329	0.59516937201548	NA	0.062674363	-1.438815635	NA	-0.062674363	-1.438815635	0.680688361196627	0.701794977047685
Actn4	0.00414878474174421	0.00892124300675715	NA	NA	NA	NA	1.199562421	NA	NA	1.199562421	NA	NA
Adrm1	4.06474333453944e-06	6.36809789077845e-05	NA	NA	NA	NA	3.083962184	NA	NA	3.083962184	NA	NA
Ahnak	4.30190711078446e-16	1.41532743944809e-13	1.47808117717284e-27	4.61161327277927e-25	8.313064415	-8.494024543	7.857483428	-5.722876963	8.403544479	6.7901801955	6.24165648700363e-41	1.66028062554296e-38
Ahnak2	7.71574633988435e-05	0.00050769610916439	0.0066982761513562	0.0158579574495174	1.663663412	-1.79816543	2.355495579	-2.410581651	1.730914421	2.383038615	7.99811360758351e-06	2.53273597573478e-05
Aimp2	0.0689292096863396	0.0840192939839299	0.242843198063868	0.289187319831782	0.3154503	-0.305039598	0.060462488	0.052276765	0.310244949	0.0040928615	0.0852017015126095	0.0977738830781281
Alb	0.00703400266549841	0.0130745021296552	0.614245280256813	0.614245280256813	-0.001645611	0.028710586	0.626672753	-1.39145567	-0.0151780985	1.0090642115	0.0278435221244959	0.0356075811784419
Aldoa	0.00234786280439276	0.00594189894342476	0.308663868484527	0.350136825384848	NA	-0.152211498	NA	-1.393463017	0.152211498	1.393463017	0.00596410484767787	0.00866913600810007
Anxa2	0.000237419697797749	0.0011835012208403	0.0077716060643546	0.0173195792291331	1.419808529	-1.956291542	2.155813984	-2.011529802	1.6880500355	2.083671893	2.62063403032219e-05	7.57705056593156e-05
Ap2a2	NA	NA	0.104000935798923	0.144214630974506	0.759752394	NA	NA	NA	0.759752394	NA	NA	NA
Ap2m1	0.00121181848786732	0.0036576906652142	0.0113166608596206	0.0226333217192413	NA	-1.576131437	1.606015753	NA	1.576131437	1.606015753	0.000167268014073033	0.000355946333947414
Apcs	0.0315269300945369	0.0439506779707739	1.15971521938682e-06	7.38430915201402e-06	-5.658064335	2.394239735	-4.788145494	2.117761525	-4.026152035	-3.4529535095	6.62663525487738e-07	2.5921837908785e-06
Arf3	NA	NA	0.262814737753969	0.303564781631326	0.019915368	-0.500585232	NA	NA	0.2602503	NA	NA	NA
Arglu1	0.911420504833511	0.930464117024924	0.350168264105798	0.384691895778201	0.16748639	0.046700587	0.013212111	0.28273632	0.0603929015	-0.1347621045	0.683649933789203	0.702126959026749
Atp1a1	0.0628079255162661	0.0779766320560435	0.256590132508589	0.299835660459475	NA	-0.275611663	0.152378145	0.045303168	0.275611663	0.0535374885	0.0826414868931045	0.0959940415439555
Atp2a2	NA	NA	0.120940387203171	0.163348055443244	NA	-0.688729409	NA	NA	0.688729409	NA	NA	NA
Atp5a1	0.037982961616693	0.0514254912423539	0.240801388027181	0.28803786323362	0.209266193	-0.421689207	0.417920008	-0.191722048	0.3154777	0.304821028	0.0520829784044839	0.0621258845542274
Atp5b	0.921646946237411	0.930464117024924	0.355645740202607	0.387977171130117	-0.022800686	-0.119996317	0.109026176	0.240619629	0.0485978155	-0.0657967265	0.693389739509418	0.707512881266167
Atp5c1	0.00315428798888114	0.0072839496232652	0.119855120592396	0.162586076629686	0.653426952	-0.732691935	1.235972083	-1.352584171	0.6930594435	1.294278127	0.00335732664631435	0.00510313650239781
Atp5f1	0.0591298658827591	0.0742508621199533	0.290657440320052	0.332179931794345	0.007626092	-0.379713889	0.030971642	-0.139188132	0.1936699905	0.085079887	0.0870262397902386	0.0993518445673969
Atp5o	0.0681787503093989	0.0836970479544487	0.311435661064767	0.350786737372589	0.392427338	0.10057404	0.049351959	0.029417547	0.145926649	0.009967206	0.103027868288908	0.115634653860124
C1qa	0.520704383855713	0.584681714295323	0.138733353312597	0.184190664823533	-1.351884344	0.880724702	-1.61625977	1.337368572	-1.116304523	-1.476814171	0.262067025071727	0.282226027000322
C1qb	0.470546645825083	0.533827056815353	0.0817955729967264	0.119253358761582	-1.368215867	1.355692898	-1.794607487	1.419269204	-1.3619543825	-1.6069383455	0.163861209277294	0.180001115461977
C1qc	0.550687484175431	0.614156550148192	0.0391405276425536	0.0636033574191496	-1.672542566	1.639602631	-1.348500497	1.449006639	-1.6560725985	-1.398753568	0.104261638999198	0.116527714175574
Calr	NA	NA	0.25589382797966	0.299835660459475	-0.772332847	NA	NA	NA	-0.772332847	NA	NA	NA
Camk2g	NA	NA	0.223992705497313	0.270874899671169	0.3822799	-0.336755587	NA	NA	0.3595177435	NA	NA	NA
Cat	0.911504819200614	0.930464117024924	NA	NA	NA	NA	-0.351792286	-0.08335521	NA	-0.134218538	NA	NA
Cct2	0.0132718074761422	0.021723505769407	NA	NA	NA	NA	0.763581543	NA	NA	0.763581543	NA	NA
Cct3	0.0175849732926311	0.0269090986663984	0.0666711667175968	0.100977689397525	NA	-0.953327348	NA	-0.647987305	0.953327348	0.647987305	0.00908465075149468	0.0125208139891067
Cct6a	0.00316925894501441	0.0072839496232652	0.117561382788961	0.160170966943912	0.70230292	NA	1.292663973	NA	0.70230292	1.292663973	0.00331414045290043	0.00506644460041101
Cct8	0.008844940368893	0.015988930666845	NA	NA	NA	NA	0.922730672	NA	NA	0.922730672	NA	NA
Cltc	0.9253250341892	0.930464117024924	0.569303160670114	0.579608782740602	-0.005869265	0.209765266	0.072037181	0.150689643	-0.1078172655	-0.039326231	0.864438083678439	0.864438083678439
Cnp	0.00134764638205686	0.00392367840439563	0.0144258149978889	0.0279556166418717	1.586500555	-1.415268349	1.729835517	-1.415576206	1.500884452	1.5727058615	0.000230338310660538	0.000475287943078817
Col1a2	0.0239043866242521	0.034798863714066	0.0321430943979119	0.0557146969563806	-1.981878622	1.473371314	0.418675713	-0.613917481	-1.727624968	0.516296597	0.00627847018278698	0.00897888746570612
Col6a1	0.035788344046313	0.0490598549634875	0.0164913770525527	0.0309958412072075	-1.967870938	1.938737446	0.332965663	NA	-1.953304192	0.332965663	0.00497835910432438	0.00735690845416826
Col6a3	0.00140267221918515	0.00397826862165443	NA	NA	NA	NA	1.56007905	NA	NA	1.56007905	NA	NA
CP3-10VL	0.00184330147853806	0.00497087038064773	1.06572410764208e-06	6.92720669967352e-06	-4.355970236	3.72377697	-4.619323739	4.448108044	-4.039873603	-4.5337158915	4.13478652612588e-08	2.29136086656143e-07
Cpne6	1.46848466425044e-05	0.000138037558439541	NA	NA	NA	NA	2.790813734	NA	NA	2.790813734	NA	NA
Cpsf1	7.07040673923346e-05	0.000474727309634246	5.12382485455846e-05	0.000205230630208537	2.628633634	-3.091725082	2.330787836	-2.480115955	2.860179358	2.4054518955	7.4034686600018e-08	3.86141698737349e-07
Cpsf2	0.0043709066259843	0.00915941579585245	NA	NA	NA	NA	1.181229795	NA	NA	1.181229795	NA	NA
Cpsf3	2.82121319922859e-06	5.02877647940235e-05	NA	NA	NA	NA	NA	-3.164237581	NA	3.164237581	NA	NA
Crmp1	7.19018347606619e-06	9.09834755240684e-05	4.1204153938206e-09	7.56217413454134e-08	4.499654578	-4.226746306	2.866650861	-3.045252778	4.363200442	2.9559518195	9.52496479350014e-13	1.33349507109002e-11
Cryab	0.662593661011255	0.726644381575676	0.0288485261266445	0.0502834645335926	-1.765866604	NA	NA	1.096599207	-1.765866604	-1.096599207	0.0947578522928482	0.107257824297437
Csde1	NA	NA	0.303227983688089	0.345281499674028	NA	-0.164609458	NA	NA	0.164609458	NA	NA	NA
Cstf3	0.0180309784032127	0.0272118894250321	NA	NA	NA	NA	0.63747114	NA	NA	0.63747114	NA	NA
Dars	0.83287256955988	0.892770931614293	0.535617263225311	0.547910118446875	-0.134477041	0.2174789	-0.467972357	0.595790071	-0.1759779705	-0.531881214	0.806198081986139	0.812305643213307
Dbt	0.197538674845343	0.229647434714197	0.000633179552009682	0.00191798077890311	NA	2.826253563	-3.39828447	1.421856128	-2.826253563	-2.410070299	0.00124909563378068	0.00210290783914976
Dcn	0.0136828533075847	0.0221756588088441	0.411137837620784	0.433361504519205	-0.427187924	NA	NA	-0.751270875	-0.427187924	0.751270875	0.0347682964499836	0.0434195627027964
Ddx3y	0.00338363536240098	0.00763727948255087	0.053786972156437	0.0847552288525674	1.039840265	NA	1.871883066	-0.668661666	1.039840265	1.270272366	0.00174925496150526	0.0028546123911681
Dhx9	0.491558601106983	0.555748384069407	0.034090081482545	0.0574924617435354	-0.934207131	2.47884241	-1.15261236	1.952184443	-1.7065247705	-1.5523984015	0.0852764694516005	0.0977738830781281
Dlat	0.000448438922503374	0.00180946562546855	1.74649813020439e-05	7.67869710510141e-05	-2.848504825	4.268284667	-4.692492202	5.237946061	-3.558394746	-4.9652191315	1.54016233508202e-07	7.44878511148759e-07
Dpysl2	0.00259320468865702	0.00627326722476588	0.0782275250370591	0.115127300997936	0.666574824	-1.105752638	1.186246986	-1.534537424	0.886163731	1.360392205	0.00192777732856662	0.00305231410356382
Dsp	0.00442521842637426	0.00921453710301982	0.0131383122655048	0.0256197089177343	-2.025147677	NA	1.937344392	-0.416403897	-2.025147677	1.1768741445	0.000625158498020969	0.00113123918689509
Dync1h1	0.0280007214761494	0.0400532059376224	0.371308645494639	0.396740744501122	0.015212085	NA	0.096396804	-0.79545859	0.015212085	0.445927697	0.057871765110967	0.0687227210692733
Dynll2	0.870339001313388	0.920547488966982	0.129911349269582	0.173958544944676	-2.475856065	-0.17799597	-0.761971366	-0.034160317	-1.1489300475	-0.3639055245	0.359527400272749	0.384073447680929
Eef1a1	0.00899904830346441	0.0161786168952994	0.570320180453092	0.579608782740602	-1.189614482	-0.978122343	0.881821213	-0.95042499	-0.1057460695	0.9161231015	0.0321910239653817	0.040390624409394
Eef1a2	0.0086834448994035	0.0158714076216875	0.101756909766491	0.141732838603326	0.601030869	-0.938514098	0.99653337	-0.862994948	0.7697724835	0.929764159	0.00709664242794986	0.0100409940735886
Eef1g	0.896405034906116	0.930338348530323	0.488399139270717	0.502906044397569	-0.212801595	0.328721595	-0.302493041	0.149519521	-0.270761595	-0.226006281	0.799422624092642	0.808541513340847
Eef2	0.0408317982617905	0.0537346465125163	NA	NA	NA	NA	0.795600729	0.255198566	NA	0.2702010815	NA	NA
EG433182	0.00402240402268042	0.00870638765435432	0.34765051629438	0.383275480861648	-0.037162282	-0.168836178	1.210388864	NA	0.065836948	1.210388864	0.0105892210569919	0.0143710857202033
Eif4a1	NA	NA	0.0268726405702876	0.0471026059434254	NA	-1.295588355	NA	NA	1.295588355	NA	NA	NA
Elavl1	0.924711525418186	0.930464117024924	0.162363544281664	0.210196787617756	0.540324906	NA	-0.043809495	NA	0.540324906	-0.043809495	0.434832468688752	0.462661746684833
Elavl2	0.0173922830105299	0.0267386033199267	0.0655294873734321	0.099732683222004	0.960437572	NA	0.652601218	NA	0.960437572	0.652601218	0.00886348582279841	0.012335827582022
Epb4.1l2	2.75977793843612e-05	0.000236687350895778	0.0760590119442211	0.112466406287189	1.038646881	-0.757671884	NA	-2.639984148	0.8981593825	2.639984148	2.95422121798907e-05	8.23718475166111e-05
Epdr1	0.00150223827335249	0.00415324699103335	NA	NA	NA	NA	1.5383395	NA	NA	1.5383395	NA	NA
Eprs	0.0413279162096165	0.05396173130097	0.599618774996378	0.601546809642669	-0.045610102	NA	0.374065718	-0.154682581	-0.045610102	0.2643741495	0.116413139347758	0.129564414504199
FAM120A	0.0012038611274643	0.0036576906652142	0.0230945773544065	0.0417329357208368	1.491083454	-1.203734511	1.747172537	-1.468970444	1.3474089825	1.6080714905	0.00031946313792119	0.000623405264639546
Farsb	0.00149498347202559	0.00415324699103335	NA	NA	NA	NA	1.539878428	NA	NA	1.539878428	NA	NA
fasta:Ighv1-76	0.163013299918576	0.190858988160895	0.000131324108082185	0.000458743607163608	-3.663355555	2.6709083	-3.263403783	1.829159498	-3.1671319275	-2.5462816405	0.000251576819263335	0.000506965408515508
fasta:Ighv13-2	0.0646655826420598	0.079981115373074	0.00309202414414332	0.00797282258655138	-2.213704754	2.661795196	NA	3.09917736	-2.437749975	-3.09917736	0.00190299184350392	0.00303111275671882
fasta:Ighv8-8	0.00448792797929717	0.00928634154206772	4.63954705645008e-06	2.41256446935404e-05	-3.204499011	4.383704292	-3.658865893	4.806994203	-3.7941016515	-4.232930048	3.8910520804808e-07	1.69675385804573e-06
fasta:Ighv9-3	0.0333706980138945	0.0461300825486188	0.000648556580632409	0.00194566974189723	-2.461958547	3.179542897	-3.908247367	2.94512073	-2.820750722	-3.4266840485	0.000254104450107123	0.000508208900214245
fasta:Igkv1-132	3.09920801994253e-09	2.01097562708562e-07	NA	NA	NA	NA	-7.540754737	NA	NA	-7.540754737	NA	NA
fasta:Igkv12-44	NA	NA	1.96911317213735e-06	1.15917605605067e-05	NA	3.939132527	NA	NA	-3.939132527	NA	NA	NA
fasta:Igkv2-137	0.737812799146029	0.80377619509617	5.29843555888467e-05	0.000206638986796502	0.878136767	-4.829182727	-3.357551644	-1.613343538	2.853659747	-0.872104053	0.000435865315647737	0.000810770447288798
fasta:Igkv4-51	NA	NA	5.26177602559079e-09	8.64039010518067e-08	-4.20016998	5.449990488	NA	NA	-4.825080234	NA	NA	NA
fasta:Igkv5-37	0.0179069974049337	0.0271493186461898	5.91941052170267e-05	0.000225226351557467	-3.327000862	NA	-3.701397986	NA	-3.327000862	-3.701397986	1.56425205338507e-05	4.72830734318669e-05
fasta:Igkv6-14	0.214144624648851	0.246341194089063	0.000105485709135282	0.000373994786934181	NA	3.211853261	-2.533492946	2.166008383	-3.211853261	-2.3497506645	0.000264249308694798	0.000524554597856837
fasta:Igkv6-15	NA	NA	7.99970664761026e-07	5.37032683716863e-06	-4.077966605	4.09423607	NA	NA	-4.0861013375	NA	NA	NA
fasta:Igkv6-23	0.318181041404221	0.364744120634108	0.0014730066491688	0.00417798249582424	NA	2.626112011	NA	2.01948843	-2.626112011	-2.01948843	0.00406141025773414	0.00610358829693379
fasta:Igkv9-123	0.134671521188631	0.158806202405232	NA	NA	NA	NA	NA	2.672900504	NA	-2.672900504	NA	NA
fasta:Iglv3	0.0126750677515708	0.0210954103653682	2.41275175054366e-06	1.39403434475856e-05	-3.229044129	4.581411509	NA	3.843079365	-3.905227819	-3.843079365	5.59734287633129e-07	2.25589879561231e-06
Fcgr1	0.772319880777021	0.838591553714983	0.243907145202127	0.289349921304424	-0.890198174	0.714838962	-0.780859365	0.736041974	-0.802518568	-0.7584506695	0.502832165921283	0.532881896952436
Flnb	NA	NA	0.00915262404078159	0.0191652261793547	NA	-1.639984148	NA	NA	1.639984148	NA	NA	NA
Fmr1	0.00242387937566641	0.00604133571662309	0.0335997015295464	0.0569734069414048	NA	-1.216752903	1.263815654	-1.501973853	1.216752903	1.3828947535	0.000848265334683828	0.00150425719350599
Fxr1	0.00433380526873105	0.00914820764580089	0.0145557685775925	0.0280333320753633	NA	-1.498056477	1.082021269	-1.286444943	1.498056477	1.184233106	0.000673151468279562	0.00120985331461056
Fxr2	0.0051012496793601	0.0101707639417715	0.00874434878580586	0.0187082588823953	NA	-1.653491231	1.12631213	NA	1.653491231	1.12631213	0.000491464030933608	0.000901582291229929
G3bp2	0.00496175761804762	0.010014835928452	0.00397935230802801	0.0100939668301198	1.784252693	-1.966799036	1.541118304	-0.731350027	1.8755258645	1.1362341655	0.000233630357595715	0.000478043654772771
GAPDH	0.0603271254193844	0.0754662519504847	0.219120363272442	0.268100209180399	0.371837617	-0.373420689	0.168642036	0.019346089	0.372629153	0.0746479735	0.0704052915665845	0.082139506827682
Gja1	0.0225277545087149	0.0332360144994044	0.258049290152207	0.300415591520479	0.325271271	-0.218715833	0.60767356	-0.476779313	0.271993552	0.5422264365	0.0357377341203296	0.0444216695140545
Gm10036	0.000996356435678525	0.00327801267338235	0.0385664207462749	0.0629985511666899	0.995520699	-1.337557489	1.576377015	-1.756867155	1.166539094	1.666622085	0.000429093542648613	0.000803794946088247
Gm10881	NA	NA	0.00010527682440549	0.000373994786934181	-3.134793803	3.289716448	NA	NA	-3.2122551255	NA	NA	NA
Gm5571	0.00962692644255302	0.0170282731161287	2.88064333827195e-07	2.19209932083134e-06	-4.209801819	4.283551423	-3.676687582	4.225737653	-4.246676621	-3.9512126175	5.74137823022994e-08	3.11674818212482e-07
Gm9493	0.00030562882881181	0.00141622372787444	0.00995003366653545	0.0205427818936201	1.390777727	-1.83933792	2.070354978	-1.956347529	1.6150578235	2.0133512535	4.16720264238366e-05	0.000105569133607053
Gnb1	0.0202725670637755	0.0301795229139464	0.0359962465167405	0.0595833284247075	1.19181529	NA	0.587749018	NA	1.19181529	0.587749018	0.0060004957411519	0.0086746297127522
Golga3	NA	NA	0.099265198845169	0.138882251299071	NA	1.276079728	NA	NA	-1.276079728	NA	NA	NA
Gphn	1.31802941178964e-05	0.00013539212591138	1.37746721749379e-05	6.2285474182328e-05	3.275781841	-2.937657202	2.854813541	-2.777541628	3.1067195215	2.8161775845	4.25371880390232e-09	2.69402190913813e-08
H2afv	0.891667269194091	0.930338348530323	NA	NA	NA	NA	NA	0.252778952	NA	-0.252778952	NA	NA
Hadha	0.0128875471787057	0.0213065478482119	0.328045748102834	0.365536690743158	-0.374635984	0.832849517	0.770617647	-0.780165476	-0.6037427505	0.7753915615	0.0273367466350647	0.0351283797339479
Hadhb	0.0313014524591865	0.043822033442861	0.346865110662408	0.383275480861648	-0.664997036	0.460061021	NA	-0.395226483	-0.5625290285	0.395226483	0.0599643432562118	0.0708911791384548
Hba-a2	0.00651582903155309	0.0123201594906952	0.330217464884695	0.366647149622864	-0.555502547	0.642378113	1.037382222	NA	-0.59894033	1.037382222	0.015365994058857	0.0202344278200791
Hbbt1	0.00297905908678981	0.00700078885395604	0.384583232260826	0.40812914444006	-0.422617097	0.541911266	1.239275826	-1.388128873	-0.4822641815	1.3137023495	0.00890405599905345	0.012335827582022
Hist1h1c	0.803006338305935	0.868916484939145	NA	NA	NA	NA	NA	0.648925559	NA	-0.648925559	NA	NA
Hist1h2bj	0.029526229651056	0.0417064209545656	0.170912906445517	0.219443731732516	0.422771219	-0.603117152	1.328836464	0.48501457	0.5129441855	0.421910947	0.0317372867235633	0.0400100391870514
Hist1h3e	0.0494997334386425	0.06336736304013	0.367112499383424	0.393952438728609	-0.012781018	-0.060999155	0.73430859	0.38294387	0.0241090685	0.17568236	0.0910029573889288	0.103447806262629
Hist2h2ac	0.00649969129509208	0.0123201594906952	NA	NA	NA	NA	1.038295698	NA	NA	1.038295698	NA	NA
Hist2h4	0.000440743459238371	0.00180946562546855	0.0128792244426109	0.0252724404156894	1.480988873	-1.591701173	2.420886575	-1.397486109	1.536345023	1.909186342	7.42431428975583e-05	0.00017953341827955
Hnrnpa3	0.928057524606973	0.930464117024924	NA	NA	NA	NA	-0.019009569	NA	NA	-0.019009569	NA	NA
Hnrnpab	0.0108873463540646	0.0189520473570754	0.185527773025933	0.234350871190653	NA	-0.468092091	1.012926174	-0.671669027	0.468092091	0.8422976005	0.0145528200103834	0.0192589558346367
Hnrnpc	0.917135525655293	0.930464117024924	0.207663023767976	0.255082139431529	0.404140166	NA	-0.09700802	NA	0.404140166	-0.09700802	0.506294243928217	0.534421701924229
Hnrnpd	0.00126181117128328	0.00373996284101079	0.00667259229096175	0.0158579574495174	1.49015934	-1.973865681	1.064951812	-2.121800441	1.7320125105	1.5933761265	0.000106801623385928	0.000244160114580104
Hnrnph1	0.0432599481280767	0.0558138154279892	0.178496204717203	0.228241048654784	NA	-0.489382344	NA	-0.242208659	0.489382344	0.242208659	0.0452780701793309	0.0552475535215688
Hnrnpk	0.013910653618768	0.0224343384341895	0.0583066984038867	0.0905059199105107	0.881194737	-1.134413697	0.614662735	-0.87450759	1.007804217	0.7445851625	0.00658368354409696	0.00936502578999889
Hnrnpl	0.0452948989498793	0.0582110224785558	0.19265499719088	0.239475534356791	0.215616477	-0.678418193	0.21971064	NA	0.447017335	0.21971064	0.050101245549739	0.0600312221451828
Hnrnpm	0.00230152348134563	0.0059156345731462	0.084293943529063	0.121669747207866	NA	-0.853892246	1.117096566	-1.683020169	0.853892246	1.4000583675	0.00185228294743416	0.00296811604829812
Hnrnpu	NA	NA	0.09810516306556	0.138343167678414	1.124328135	-0.448528279	NA	NA	0.786428207	NA	NA	NA
Hsp90aa1	0.00189309741862857	0.00506365081893334	0.08384272046465	0.121669436209167	0.954717448	-0.757745063	1.755101219	-1.17299399	0.8562312555	1.4640476045	0.00154728243982441	0.00256592851567866
Hsp90ab1	0.00273093608982681	0.00651070995328276	0.183705728622605	0.232992631423791	0.515813357	-0.431306305	0.963770031	-1.722324647	0.473559831	1.343047339	0.00431328329743421	0.00644569301751405
Hsp90b1	NA	NA	0.361112280170635	0.391204970184855	0.036890111	NA	NA	NA	0.036890111	NA	NA	NA
Hspa12a	NA	NA	0.252738606576742	0.298691080499786	NA	-0.285213779	NA	NA	0.285213779	NA	NA	NA
Hspa1b	0.0155537170300234	0.0246330379437969	NA	NA	NA	NA	NA	-0.698974324	NA	0.698974324	NA	NA
Hspa4	4.54715854710459e-05	0.000356194086189859	6.67443602290135e-07	4.62760897587827e-06	3.908620792	-3.331452398	1.867856938	-3.166178862	3.620036595	2.5170179	7.65366306605291e-10	5.50236317721641e-09
Hspa5	0.00544378434885245	0.01072458114235	0.0354733757382265	0.0591855252958646	1.036116453	-1.358158064	0.980171574	-1.225699982	1.1971372585	1.102935778	0.00184463004415617	0.00296811604829812
Hspa8	0.00107159217025587	0.0033808471245596	0.0126225833227318	0.0249256075740021	1.46894818	-1.616215541	1.68513282	-1.603270562	1.5425818605	1.644201691	0.000165167521266111	0.000355946333947414
Hspa9	0.00688982124275198	0.0128792681185534	0.0449839772060634	0.0719743635297014	1.033581579	-1.184293423	1.468687573	-0.564819484	1.108937501	1.0167535285	0.00281391794470039	0.00432660215774742
Hspd1	0.0333280298508134	0.0461300825486188	0.255383688258548	0.299835660459475	0.10433666	-0.452885835	0.366252264	NA	0.2786112475	0.366252264	0.049079869203464	0.0593420236732792
Hspg2	0.0033891878554785	0.00763727948255087	NA	NA	NA	NA	1.739848103	-0.799570979	NA	1.269709541	NA	NA
I6L9E1	0.0692496659464838	0.0840706276619674	0.0163997769666976	0.0309958412072075	-2.680104651	1.230080016	-3.062625474	NA	-1.9550923335	-3.062625474	0.00883617888102427	0.012335827582022
Iars	0.0394772687323152	0.0527908754672066	NA	NA	NA	NA	0.286408055	NA	NA	0.286408055	NA	NA
Idh3b	0.0126957180922277	0.0210954103653682	0.00720067389944698	0.0163986150118792	1.797967539	-1.622332045	0.781401682	NA	1.710149792	0.781401682	0.000941609082130102	0.00165872858176561
Igh	0.0339425483374649	0.0467242611005269	0.00024954630400141	0.000802664400499381	-3.032447709	NA	-3.480148153	3.357411247	-3.032447709	-3.4187797	0.000107393734608542	0.000244160114580104
Ighg2a	NA	NA	5.01731020729101e-10	1.30450065389566e-08	NA	5.134508464	NA	NA	-5.134508464	NA	NA	NA
Ighg2b	0.866658593953135	0.920547488966982	0.579587804011633	0.585214870069998	-0.092586282	0.08106688	-0.318847625	0.444667067	-0.086826581	-0.381757346	0.84816581840786	0.851366444137701
Ighg3	0.893174295948892	0.930338348530323	0.37719371865802	0.401653379594888	0.052137623	0.046560906	-0.267392149	0.221320307	0.0027883585	-0.244356228	0.703436510122621	0.714175998826783
Ighm	0.83307196354282	0.892770931614293	0.367436409198799	0.393952438728609	-0.536021883	0.500802053	-0.540862196	0.521251795	-0.518411968	-0.5310569955	0.668475624228996	0.694587953300441
Ighv1-18	0.016677908553012	0.0260330719826005	2.49869735873648e-06	1.40870315328171e-05	-3.551851772	4.246864083	-3.44592791	4.016318022	-3.8993579275	-3.731122966	7.4984025749732e-07	2.84939297848982e-06
Ighv1-22	0.0172783693262037	0.0266881854850752	0.000160066920462071	0.000542835643306153	-3.126202547	NA	-3.895330552	3.537420325	-3.126202547	-3.7163754385	3.81616689044101e-05	9.91143540456327e-05
Ighv1-42	0.15901710996132	0.18684510420455	NA	NA	NA	NA	-2.563198526	NA	NA	-2.563198526	NA	NA
Ighv1-47	NA	NA	9.03088411773193e-06	4.2054266339289e-05	-3.211564852	4.143475054	NA	NA	-3.677519953	NA	NA	NA
Ighv1-5	0.00254560753943652	0.00627326722476588	0.00117115327339792	0.0033833316787051	-4.252555882	1.111164889	NA	4.427606173	-2.6818603855	-4.427606173	4.09127871814435e-05	0.000104642321060231
Ighv1-62-2	0.0538923399704755	0.0679332561313657	NA	NA	NA	NA	-4.154775731	2.232814227	NA	-3.193794979	NA	NA
Ighv1-78	0.116175720825503	0.137984881413684	5.19837859897015e-05	0.000205303053528948	-3.151362038	3.553360503	-2.765719423	NA	-3.3523612705	-2.765719423	7.86143564302007e-05	0.000186709096521727
Ighv10-3	0.094718129548458	0.113730892778988	0.00661881549659782	0.0158579574495174	-2.229314702	NA	NA	2.887681229	-2.229314702	-2.887681229	0.00525027511759914	0.00767347901802951
Ighv14-2	1.40135412664164e-05	0.0001356016199015	1.3323046483389e-10	4.265395836268e-09	-4.914629735	5.687620632	-5.688245801	6.037426152	-5.3011251835	-5.8628359765	6.51863044258223e-14	1.73395569772687e-12
Ighv14-4	0.0118146876260732	0.0202949155006859	7.5927787790426e-06	3.70147965478327e-05	-3.708226723	NA	-3.871083722	NA	-3.708226723	-3.871083722	1.54534590014016e-06	5.3740694511413e-06
Ighv2-2	NA	NA	0.00299832785460263	0.00792778212403408	-2.445833582	NA	NA	NA	-2.445833582	NA	NA	NA
Ighv2-3	0.185839112703836	0.216812298154475	4.40867374117688e-08	4.16820062802178e-07	NA	4.527070336	-2.454426944	NA	-4.527070336	-2.454426944	1.60747290714639e-07	7.63549630894533e-07
Ighv2-5	0.0154115754618015	0.0246136326550131	5.50524160277843e-05	0.000212053750625539	-3.341186196	NA	-3.763778037	NA	-3.341186196	-3.763778037	1.27095803115828e-05	3.88591765848394e-05
Ighv2-9-1	0.000159423384558805	0.000904315405514599	5.17750685191992e-09	8.64039010518067e-08	-4.707114616	4.947432389	-4.915195523	5.591230599	-4.8272735025	-5.253213061	2.37908643633384e-11	2.5313479682592e-10
Ighv3-6	0.127658209160204	0.151077520912615	NA	NA	NA	NA	-2.706982728	NA	NA	-2.706982728	NA	NA
Ighv4-1	0.615392478302483	0.684000423518638	0.152607276945929	0.198389460029707	-1.033215178	1.102254994	-1.181574786	1.272560739	-1.067735086	-1.2270677625	0.316054414414422	0.338993847718695
Ighv5-16	0.000150416585585344	0.000868193976448742	2.83580184697609e-08	2.85409734276304e-07	-4.169446106	5.011585089	-5.054092703	5.483557842	-4.5905155975	-5.2688252725	1.15938686478442e-10	1.1014175215452e-09
Ighv6-3	0.00874817277873554	0.0159013748298563	3.67873515878457e-06	1.94536503311998e-05	NA	3.833902077	NA	3.987957476	-3.833902077	-3.987957476	5.87384948038112e-07	2.33200591310654e-06
Ighv6-6	0.0277059434539584	0.0398046087176957	8.89974412604959e-05	0.000326672960862056	-3.589893393	2.902382351	-3.886427509	3.137011612	-3.246137872	-3.5117195605	3.4306119868888e-05	9.21760392436788e-05
Ighv7-1	0.09264716005887	0.111651705711971	0.000301753023274489	0.000960683094506538	NA	2.991481031	-2.635315518	3.165654722	-2.991481031	-2.90048512	0.00032107714757751	0.000623405264639546
Ighv8-12	0.00359108802975211	0.00800679451827146	3.79171560943752e-12	3.94338423381502e-10	NA	5.724377422	-4.016249352	4.605375803	-5.724377422	-4.3108125775	4.48353537007333e-13	7.01541416729121e-12
Ighv9-1	0.0036271177283293	0.00800887068872712	8.0994716594921e-06	3.82884114812354e-05	-3.380265852	4.013372926	-4.092733968	4.521992956	-3.696819389	-4.307363462	5.38876677036824e-07	2.205249170643e-06
Ighv9-4	0.00306802521325223	0.00715872549758854	0.000216152630696823	0.000702496049764676	-4.758789493	1.367371066	-4.364741526	NA	-3.0630802795	-4.364741526	1.00974641324223e-05	3.12316913863293e-05
Igkv10-96	0.000756343415886585	0.00270474982420312	1.00144540022018e-08	1.25347999372743e-07	-4.881379802	4.592277624	-4.852750619	4.769930385	-4.736828713	-4.811340502	2.0152549539719e-10	1.67518068048914e-09
Igkv12-38	0.00116875749345138	0.00362008957762121	8.08991542778608e-07	5.37032683716863e-06	-3.013101271	5.155506389	-3.776730687	5.579904211	-4.08430383	-4.678317449	2.05926451723336e-08	1.16545608847675e-07
Igkv17-127	0.0300135759464476	0.042198574728125	0.00359556045081394	0.00919520377585204	-2.39775218	NA	-3.266593593	3.684369929	-2.39775218	-3.475481761	0.00109363432104982	0.00189687652368738
Igkv3-1	3.19460068253173e-05	0.000262755906138235	2.87989240711203e-06	1.57636215968238e-05	-3.737273402	4.013640911	-6.546245393	4.784399284	-3.8754571565	-5.6653223385	2.21807394698663e-09	1.51284017922678e-08
Igkv4-53	4.70959726105081e-05	0.000360338953229236	4.81524049926988e-08	4.41869128168295e-07	-5.086421591	3.942139121	-6.063614207	5.074933523	-4.514280356	-5.569273865	6.3072112217878e-11	6.4527622499829e-10
Igkv4-63	3.34579569318237e-07	8.4465858628562e-06	2.20576549575955e-08	2.37309942992062e-07	-4.626254916	NA	-6.670751921	NA	-4.626254916	-6.670751921	2.475265445855e-13	4.70300434712451e-12
Igkv4-70	0.00264543906208086	0.00635291570382922	5.95965525991155e-09	9.29706220546201e-08	NA	4.808127587	NA	4.414744422	-4.808127587	-4.414744422	4.07913958189955e-10	3.01403091329245e-09
Igkv4-72	NA	NA	0.000405334915871497	0.00126464493751907	-2.926755589	NA	NA	NA	-2.926755589	NA	NA	NA
Igkv4-86	0.493348962961718	0.555862358953443	0.0846228690516249	0.121669747207866	-1.298921199	1.395446736	-1.656580807	1.438931542	-1.3471839675	-1.5477561745	0.174345899198386	0.18928983341539
Igkv5-39	0.0385248831745386	0.0517334145486661	0.000354713068913888	0.00111788361112256	-2.75467472	3.157690514	-3.106560123	3.611644543	-2.956182617	-3.359102333	0.000166725324010316	0.000355946333947414
Igkv6-13	2.00042461863249e-06	4.11337312206307e-05	1.50426416238481e-10	4.26664016967328e-09	-5.334272519	5.237907832	-6.161111144	6.438292852	-5.2860901755	-6.299701998	1.10555889652724e-14	4.90131110793744e-13
Igkv6-14	0.000424625679524202	0.00179104934055721	NA	NA	NA	NA	-4.992310765	4.969564958	NA	-4.9809378615	NA	NA
Igkv6-29	0.000104663931504087	0.000649706291789522	8.74157509249246e-10	1.83525806425194e-08	-5.322332106	4.803898622	-5.761174017	4.968643756	-5.063115364	-5.3649088865	2.83833571163024e-12	3.4318059058802e-11
Igkv8-19	0.108147310828988	0.128914729212815	5.27772817785123e-12	4.11662797872396e-10	-5.68638728	NA	-1.613696707	4.004860898	-5.68638728	-2.8092788025	1.66618574942066e-11	1.8466892056079e-10
Igkv8-26	NA	NA	5.13076575521344e-05	0.000205230630208537	-3.354907085	NA	NA	NA	-3.354907085	NA	NA	NA
Igkv8-27	0.00474633787828218	0.00969903827301141	8.09106609834304e-05	0.00030052531222417	-3.148288931	3.38211386	-3.592414478	4.833750313	-3.2652013955	-4.2130823955	6.05712069471885e-06	1.94655571914201e-05
Igkv8-28	0.00940772275936748	0.0167898302216117	6.29072532379824e-06	3.11540682702389e-05	NA	3.74125124	-3.008450037	4.911739511	-3.74125124	-3.960094774	1.04411722843972e-06	3.88806017067218e-06
Igkv9-124	0.00046964455829629	0.00186160312866843	1.34015446712175e-08	1.54862293978514e-07	-3.493491485	5.89917563	-4.133577814	5.770141885	-4.6963335575	-4.9518598495	1.68624258186371e-10	1.54669147164051e-09
Iglc2	0.0396332712474165	0.0527908754672066	0.000146498670942754	0.000502281157518012	-2.860085257	3.429080294	-3.196673756	3.49441561	-3.1445827755	-3.345544683	7.58093994225466e-05	0.000181669371589166
Immt	0.631204684644894	0.696866916940168	NA	NA	NA	NA	-1.183998383	NA	NA	-1.183998383	NA	NA
Jup	0.012569035877484	0.0210954103653682	0.0225050759818197	0.0410618930194605	-2.738023959	0.964213778	2.40650946	0.835681584	-1.8511188685	0.785413938	0.00259404224399675	0.00401171649362288
K7TDN5	NA	NA	4.4742116246394e-05	0.000183678161432565	NA	3.38142182	NA	NA	-3.38142182	NA	NA	NA
K7TDV0	0.000145416702283288	0.000868193976448742	1.74415421380443e-06	1.08835222941397e-05	-3.959239399	NA	-4.754382647	5.801365628	-3.959239399	-5.2778741375	5.85760283436915e-09	3.54118716805044e-08
K7U6D5	0.00601801218630659	0.0116162261203542	NA	NA	NA	NA	-3.257459078	4.997653714	NA	-4.127556396	NA	NA
Ldha	0.00659590331002232	0.012400298222842	0.220387587038206	0.268352925337291	NA	-0.369203153	1.258760107	-0.806997899	0.369203153	1.032879003	0.0109513645793979	0.0147871217163444
LLRep3	NA	NA	0.00819853710128495	0.0180136871521191	1.750349241	-1.594530372	NA	NA	1.6724398065	NA	NA	NA
Lmna	0.840917450127346	0.898252730817846	NA	NA	NA	NA	0.120750053	1.116963537	NA	-0.498106742	NA	NA
LOC100046793	0.0513219297222297	0.0654454065062541	NA	NA	NA	NA	-4.237700515	2.199405372	NA	-3.2185529435	NA	NA
LOC207685	NA	NA	1.14871000780396e-05	5.27055180051227e-05	-3.623549573	3.645471104	NA	NA	-3.6345103385	NA	NA	NA
Lrrc59	0.0413323899326579	0.05396173130097	NA	NA	NA	NA	NA	-0.264321864	NA	0.264321864	NA	NA
Map1b	0.061229125878416	0.0763044788409047	0.461470242788336	0.481534166387829	-0.426334637	0.22342255	-0.244685096	-0.378475556	-0.3248785935	0.06689523	0.129027525760737	0.14300550771815
Matr3	0.630786053433793	0.696866916940168	0.48180187642037	0.499409253963972	-0.288469852	0.279530726	-1.185146099	NA	-0.284000289	-1.185146099	0.665878654704327	0.694587953300441
Mbp	0.0155734707972941	0.0246330379437969	0.191411849636385	0.238881988346209	0.425781539	-0.475535074	0.543297901	-0.853605451	0.4506583065	0.698451676	0.0203166858692312	0.0266218642424409
Mdh2	0.05331045659812	0.0674582316183903	NA	NA	NA	NA	0.138290234	NA	NA	0.138290234	NA	NA
Mgst3	NA	NA	0.313062286104035	0.351350479368557	0.171463056	-0.11303632	NA	NA	0.142249688	NA	NA	NA
mKIAA0531	0.410693136446822	0.467536477131503	NA	NA	NA	NA	-1.764003417	NA	NA	-1.764003417	NA	NA
Mpz	0.0134744274454266	0.0219459734135908	0.126869905068599	0.170618148195702	0.571628274	-0.759453637	0.469781807	-1.045163461	0.6655409555	0.757472634	0.0126016678959249	0.0169295134359395
Mvp	0.0125929078454798	0.0210954103653682	0.000203681656385541	0.000668933439918829	-2.613166986	3.538165647	-3.845681221	NA	-3.0756663165	-3.845681221	3.55849443952411e-05	9.37187644468726e-05
Myh2	0.203480303175102	0.234894806121433	NA	NA	NA	NA	-2.322288814	2.454017925	NA	-2.3881533695	NA	NA
Myh4	NA	NA	0.105983694671922	0.146288633657147	-1.102031633	1.390007262	NA	NA	-1.2460194475	NA	NA	NA
Myh9	0.805530479958781	0.868916484939145	0.407829784472554	0.431331839848938	-0.478868836	0.389126227	-0.490354824	0.788602195	-0.4339975315	-0.6394785095	0.694213766956653	0.707512881266167
Myl6	0.867868385504209	0.920547488966982	NA	NA	NA	NA	-0.375927187	NA	NA	-0.375927187	NA	NA
Ncl	0.0146923313854583	0.0235794001259306	0.0925900927551473	0.131309586089118	1.058939855	-0.565993683	0.910809399	-0.533868871	0.812466769	0.722339135	0.0103387725876179	0.0141031461964429
Ndel1	0.00133087669483862	0.00390945029108844	NA	NA	NA	NA	NA	-1.57664773	NA	1.57664773	NA	NA
Ndufa4	0.0237234670360434	0.034798863714066	0.26367325584003	0.303564781631326	0.247684513	-0.268608191	NA	-0.519631463	0.258146352	0.519631463	0.0379964473080146	0.0467919212219069
Nefh	0.910302292182395	0.930464117024924	0.0447475326410893	0.0719651040413394	-1.670887888	1.540969575	0.006908369	0.290778251	-1.6059287315	-0.141934941	0.171110294971547	0.186538272387014
Nefl	0.923875917323417	0.930464117024924	0.0329035171383146	0.0566430443817387	-1.787667239	1.650856448	0.097745622	0.197488002	-1.7192618435	-0.04987119	0.136592398182917	0.150761734094008
Nefm	0.930464117024924	0.930464117024924	0.0415551274920209	0.0671772009197436	-1.685013515	1.582604172	0.065710164	0.066950244	-1.6338088435	-0.000620040000000002	0.164437109237821	0.180001115461977
Nid1	0.0129678324082926	0.0213320843116414	NA	NA	NA	NA	0.772899122	NA	NA	0.772899122	NA	NA
Npm1	NA	NA	0.424594364565295	0.446038524391826	-0.399616054	NA	NA	NA	-0.399616054	NA	NA	NA
P01636	0.00605222954911115	0.0116162261203542	1.836736617402e-06	1.12105488742606e-05	-6.031645254	1.86971351	NA	4.125485797	-3.950679382	-4.125485797	2.14710649745119e-07	9.68017505630538e-07
P01666	NA	NA	0.000162673294334767	0.000545742664865026	-2.70726536	3.538414002	NA	NA	-3.122839681	NA	NA	NA
P01747	1.06746866521418e-05	0.000125427568162666	NA	NA	NA	NA	-5.926294913	NA	NA	-5.926294913	NA	NA
P4hb	0.0125575613392747	0.0210954103653682	NA	NA	NA	NA	0.364796523	-1.206761645	NA	0.785779084	NA	NA
Pabpc1	0.00241834319312392	0.00604133571662309	0.00670913584402657	0.0158579574495174	1.68212379	-1.778778698	1.531518705	-1.235789746	1.730451244	1.3836542255	0.000195169754916347	0.000408780746517702
Pcbp2	NA	NA	0.0159341752016338	0.0303137967250595	1.358339994	-1.580310105	NA	NA	1.4693250495	NA	NA	NA
Pcmt1	NA	NA	0.35330183207188	0.386772531952374	-0.548627975	NA	NA	NA	-0.548627975	NA	NA	NA
Pdha1	0.00369413597039089	0.00810247156172403	1.86842481237677e-06	1.12105488742606e-05	-3.651867315	4.243821384	-4.564938995	4.037118612	-3.9478443495	-4.3010288035	1.3660466566924e-07	6.98785405154187e-07
Pdhb	0.0166959823353456	0.0260330719826005	7.32779771305979e-05	0.000275454564635501	-3.954534662	2.615298579	-3.953930879	3.507414099	-3.2849166205	-3.730672489	1.78792676449448e-05	5.34369122871384e-05
Pdhx	0.0295367662079446	0.0417064209545656	2.5284415571723e-06	1.40870315328171e-05	-3.897371428	NA	-3.482774707	NA	-3.897371428	-3.482774707	1.30021540586823e-06	4.67374726974256e-06
Pdia3	0.0255537825694603	0.0370360989663103	0.508168512602607	0.521541368197412	-0.507972508	-0.045744121	0.392427338	-0.581237946	-0.2311141935	0.486832642	0.0693940528343499	0.0813163790922339
Pfkp	0.00390395515359609	0.00850596851346432	0.149733055804079	0.195952004351435	NA	-0.58255521	NA	-1.220815936	0.58255521	1.220815936	0.00493633926696703	0.00733556561459905
Pgam5	1.35803652129955e-05	0.00013539212591138	NA	NA	NA	NA	3.199845065	-2.418504129	NA	2.809174597	NA	NA
Phb2	NA	NA	0.240954750974278	0.28803786323362	-0.877367035	0.74278234	NA	NA	-0.8100746875	NA	NA	NA
Plec	0.0178206452079807	0.027143482747341	0.484662788904003	0.500711225622679	-0.416654223	0.139862368	0.281193775	-1.003611254	-0.2782582955	0.6424025145	0.0496774498532252	0.0597927676966421
Ppap2b	6.29312128252503e-08	2.58804612743842e-06	7.43839462675034e-08	6.44660867651696e-07	5.384913231	-2.526493604	4.304511042	-3.565810018	3.9557034175	3.93516053	1.59134207864182e-13	3.25613071475942e-12
Prdx1	0.00194053431424278	0.00514803789842368	0.0611966809336746	0.094055982518751	0.779721981	-1.196938325	1.304744658	-1.607264943	0.988330153	1.4560048005	0.00119210919845158	0.00203269901787257
Prdx2	0.0209920263958867	0.0311098048839943	NA	NA	NA	NA	NA	-0.572780028	NA	0.572780028	NA	NA
Prelp	NA	NA	0.132721097731072	0.176961463641429	-1.138378062	NA	NA	NA	-1.138378062	NA	NA	NA
Prkaa1	6.58265319305382e-06	9.02372041881128e-05	6.91224466777468e-09	9.80281971066227e-08	5.112491636	-3.473258088	2.823871617	-3.128093284	4.292874862	2.9759824505	1.44333635389301e-12	1.91963735067771e-11
Prkaa2	3.01749667977446e-07	8.4465858628562e-06	3.77148723683922e-08	3.67720005591824e-07	3.766807151	-4.342444135	3.990864122	-3.269929627	4.054625643	3.6303968745	3.76771192842283e-13	6.26382108100295e-12
Prkab1	0.000201322451161354	0.00103492322550134	0.00018675851895593	0.000619879339513299	3.52656966	-1.67134733	1.160016608	-3.097887821	2.598958495	2.1289522145	6.80396924151331e-07	2.62297944672832e-06
Prkab2	1.68769552470668e-08	7.93216896612142e-07	7.1366701143755e-11	3.71106845947526e-09	5.446984012	-4.318584919	4.170325694	-4.188127866	4.8827844655	4.17922678	5.09007777922474e-17	2.70792137854756e-15
Prkag1	3.66743275456343e-09	2.01097562708562e-07	1.17115224278683e-10	4.265395836268e-09	5.22808754	-4.416022715	5.144454314	-3.756584388	4.8220551275	4.450519351	1.85942865715164e-17	1.23652005700584e-15
Prkag2	6.12699664391285e-06	8.76426911237968e-05	8.41173018150544e-09	1.14106948549117e-07	5.172487516	-3.359342057	2.921531542	-3.062866566	4.2659147865	2.992199054	1.62843786164303e-12	2.06268795808117e-11
Prkra	0.0159401533749345	0.0250923945471456	NA	NA	NA	NA	0.688851744	NA	NA	0.688851744	NA	NA
Prph	0.633912274659522	0.697515512919675	0.0262388223344301	0.0465250630417427	-1.75029982	1.847355566	-1.159105784	1.194023996	-1.798827693	-1.17656489	0.0847683226948372	0.0977738830781281
Prx	0.0055352647420229	0.0108398934531282	0.221047121191294	0.268352925337291	0.307311939	-0.427537141	1.326997465	-0.866831067	0.36742454	1.096914266	0.00942870392234315	0.0129280167182643
Psmc1	2.67128286622789e-06	5.02877647940235e-05	1.3671140500859e-10	4.265395836268e-09	5.819872517	-3.786014496	3.594667973	-2.757598708	4.8029435065	3.1761333405	1.33464471613821e-14	5.07164992132520e-13
Psmc2	8.79840086853995e-11	1.44733694287482e-08	2.93046202811714e-16	4.57152076386273e-14	6.275714808	-6.176576709	4.485813212	-5.651957988	6.2261457585	5.0688856	1.54494184730186e-24	2.05477265691148e-22
Psmc3	2.1511830950026e-09	1.76934809563964e-07	5.2157409041368e-06	2.6677232165421e-05	2.503323291	-4.054428252	5.390702074	-3.694545382	3.2788757715	4.542623728	3.71618939514434e-13	6.26382108100295e-12
Psmc4	1.66979534281275e-10	1.83120889261798e-08	1.0244805109585e-10	4.265395836268e-09	3.873321063	-5.803735416	5.736415462	-4.196911866	4.8385282395	4.966663664	7.95716283795839e-19	7.05535104965644e-17
Psmc5	3.09628477418313e-07	8.4465858628562e-06	1.07949341796044e-08	1.29539210155253e-07	5.300709472	-3.162169757	4.389566812	-2.860923485	4.2314396145	3.6252451485	1.14752202973291e-13	2.54367383257462e-12
Psmc6	3.69728654103423e-06	6.0820363600013e-05	7.20983596156675e-10	1.73036063077602e-08	4.625445847	-4.560574731	3.113667165	-3.096159598	4.593010289	3.1049133815	9.21215138967649e-14	2.22766569968541e-12
Psmd1	4.00007374768486e-05	0.000320981527558127	3.58011049225952e-06	1.92585254066374e-05	4.373578615	-2.313512919	2.798423845	-2.29938273	3.343545767	2.5489032875	3.38924275885449e-09	2.19887457037877e-08
Psmd11	7.16280102061267e-06	9.09834755240684e-05	2.50241678134805e-08	2.60251345260197e-07	4.475214616	-3.751484594	2.465870012	-3.447768534	4.113349605	2.956819273	5.44003509353551e-12	6.29151884730629e-11
Psmd12	0.00164934650788087	0.00452195834244006	1.74739581558397e-05	7.67869710510141e-05	3.406672716	-2.719946395	1.318634995	-1.698388943	3.0633095555	1.508511969	5.29209119102827e-07	2.19952540127112e-06
Psmd13	1.35385976832262e-07	4.9491095975349e-06	1.00439102061493e-08	1.25347999372743e-07	3.933006024	-4.549856647	4.023787614	-3.552731856	4.2414313355	3.788259735	4.79078677078592e-14	1.41594364558784e-12
Psmd14	0.000450991432487601	0.00180946562546855	0.00013232988668181	0.000458743607163608	1.983312871	-3.357832636	1.100103022	-2.705005853	2.6705727535	1.9025544375	1.05240726424209e-06	3.88806017067218e-06
Psmd2	5.38737544979834e-07	1.18163101532244e-05	8.82335607813431e-10	1.83525806425194e-08	6.042972583	-3.090864395	4.000991512	-3.025735022	4.566918489	3.513363267	1.72467824249505e-14	5.73455515629605e-13
Psmd3	0.00106219576707456	0.0033808471245596	5.28316256883948e-08	4.70956206136548e-07	3.994308175	-4.01730024	0.232783534	-3.061059356	4.0058042075	1.646921445	1.38069171939216e-09	9.6648420357451e-09
Psmd4	6.05675086887037e-06	8.76426911237968e-05	NA	NA	NA	NA	3.113400462	-2.876201392	NA	2.994800927	NA	NA
Psmd5	1.23109635834295e-05	0.000130655065127365	2.61111584864402e-07	2.03667036194233e-06	4.032806145	-3.50082202	3.399171094	-2.265067152	3.7668140825	2.832119123	8.8281868136868e-11	8.69739886089144e-10
Psmd6	1.94053640466096e-05	0.000177343465870404	3.86571479606977e-07	2.87167384850897e-06	3.924479992	-3.487653758	2.518182605	-2.931370459	3.706066875	2.724776532	1.99660854172374e-10	1.67518068048914e-09
Psmd7	2.33203339454295e-07	7.67238986804632e-06	1.26947780381125e-07	1.04230809155029e-06	3.91981677	-3.832755128	3.506144903	-3.857134382	3.876285949	3.6816396425	9.51814397390139e-13	1.33349507109002e-11
Psmd8	0.0001490216040662	0.000868193976448742	5.31127081797788e-06	2.67276854065984e-05	3.512858954	-3.038598927	2.794166298	-1.626424169	3.2757289405	2.2102952335	1.73789140024728e-08	1.0049545923169e-07
ptplad1	NA	NA	0.0592130766224048	0.0914578213177738	NA	-1.001616724	NA	NA	1.001616724	NA	NA	NA
Ptrf	0.00944108994224364	0.0167898302216117	NA	NA	NA	NA	0.897705112	NA	NA	0.897705112	NA	NA
Puf60	NA	NA	0.200067644462923	0.246723735464159	NA	-0.425598113	NA	NA	0.425598113	NA	NA	NA
Pura	0.00125546143199778	0.00373996284101079	0.00709226835522732	0.0162704979914039	1.835641165	-1.593398026	1.524113838	-1.665797879	1.7145195955	1.5949558585	0.00011244951142414	0.000253487881684926
Purb	0.00138411421470747	0.00397826862165443	0.00875450575906957	0.0187082588823953	1.563597463	-1.742699665	1.238481171	-1.89009122	1.653148564	1.5642861955	0.000149295029214326	0.000328202295628187
Pygm	0.872981205342549	0.920547488966982	0.0022123295301296	0.00595040356379686	2.029417547	NA	-0.350872036	NA	2.029417547	-0.350872036	0.0140012170650532	0.0186216186965208
Q7TS98	0.0276257918886633	0.0398046087176957	1.13742280387821e-07	9.59124094081086e-07	-3.883763015	4.891662208	-3.587619505	3.438425935	-4.3877126115	-3.51302272	6.46616709268748e-08	3.44000089330974e-07
Q811C3	0.00107899376315732	0.0033808471245596	6.41280145833854e-09	9.52759073810298e-08	-3.861783174	5.734465764	NA	4.7031007	-4.798124469	-4.7031007	1.8472439148954e-10	1.63788960454059e-09
Q811U5	0.00433775195363203	0.00914820764580089	3.16821081132877e-09	6.1780110820911e-08	-5.144584307	4.642470537	-4.981194934	3.508682179	-4.893527422	-4.2449385565	3.5745999984644e-10	2.88134424118646e-09
Q9JL74	0.00453820322330974	0.00933168037793065	NA	NA	NA	NA	-4.228990021	NA	NA	-4.228990021	NA	NA
Rars	0.922321235547118	0.930464117024924	0.326598166668527	0.365228057349751	NA	-0.11196013	NA	0.061015775	0.11196013	-0.061015775	0.662668319500131	0.693975484200924
Rbfox3	NA	NA	0.00140296748408919	0.0040158335324388	2.077619008	-2.208494292	NA	NA	2.14305665	NA	NA	NA
Rpl10	2.90415662944208e-06	5.02877647940235e-05	0.00306700368582942	0.00797282258655138	1.944895918	NA	NA	-3.157914206	1.944895918	3.157914206	1.74012062592333e-07	8.12056292097554e-07
Rpl10a	5.87962095342541e-05	0.000424207323686374	0.00208506058800676	0.00572993869830645	2.123997204	-1.964939203	2.507058837	-2.39775218	2.0444682035	2.4524055085	2.07359702910766e-06	6.98198493345111e-06
Rpl12	0.000709179760071453	0.00265136523935805	0.0109954683598466	0.0221328137307879	1.611361264	-1.558431534	1.770490792	-1.768715064	1.584896399	1.769602928	9.95125138997026e-05	0.000230176771281051
Rpl13	0.00140252750683187	0.00397826862165443	0.0080079392728066	0.0177196954121678	1.641823444	-1.716813093	1.822934048	-1.297289271	1.6793182685	1.5601116595	0.000139232875615739	0.000308632874281555
Rpl14	0.00607292064650736	0.0116162261203542	0.0262449073568805	0.0465250630417427	NA	-1.303756854	0.718526026	-1.40789942	1.303756854	1.063212723	0.00155306199633182	0.00256592851567866
Rpl15	0.00360184069514947	0.00800679451827146	0.068458469601551	0.102687704402327	0.942383132	NA	1.173703117	-1.323804819	0.942383132	1.248753968	0.00229509419708376	0.00359114739073106
Rpl17	0.000383938854211081	0.00164870396265197	0.0044896123599838	0.0112060724505196	1.759837596	-1.925658983	2.182755851	-1.714775355	1.8427482895	1.948765603	2.45994732477894e-05	7.19061525704613e-05
Rpl18a	0.000571461102178414	0.00221189061901998	NA	NA	NA	NA	3.016425003	-0.650747968	NA	1.8335864855	NA	NA
Rpl21	0.0001909869945021	0.00102413580525262	0.00891791681752689	0.0187999327504621	1.647682908	NA	1.993348292	-2.293288224	1.647682908	2.143318258	2.43268899626743e-05	7.18994747785708e-05
Rpl23	0.00102894872328072	0.00335172405900352	0.0106694819561234	0.0216160933137046	1.594022969	NA	1.65672517	NA	1.594022969	1.65672517	0.000136346553582891	0.000304774649185287
Rpl23a	0.000243199278187957	0.00119421735110206	0.00828498236878499	0.0180763251682582	1.579083579	-1.759649031	1.993819258	-2.160233859	1.669366305	2.0770265585	2.84402173175662e-05	8.04797638986448e-05
Rpl24	0.000441858328342037	0.00180946562546855	NA	NA	NA	NA	1.583807883	-2.233108062	NA	1.9084579725	NA	NA
Rpl26	2.80571631760953e-05	0.000236687350895778	NA	NA	NA	NA	2.711384773	-2.560557709	NA	2.635971241	NA	NA
Rpl27	1.21435185717042e-05	0.000130655065127365	0.000812069495231551	0.00241300650011661	2.271604956	-2.275786313	2.801924302	-2.868700269	2.2736956345	2.8353122855	1.91652385805859e-07	8.78957493523422e-07
Rpl27a	1.1513620431401e-05	0.000130620038687273	0.00691720818852641	0.0161111526326668	1.268913416	-2.174491136	3.252809222	-2.442614419	1.721702276	2.8477118205	1.38144996063389e-06	4.89954252704821e-06
Rpl28	0.0014526137980681	0.0040847003381573	0.0903746579001785	0.128752937282446	0.560910561	-1.085588556	2.022154722	-1.075854496	0.8232495585	1.549004609	0.00130467933044102	0.00218267108111517
Rpl3	0.000104548009657035	0.000649706291789522	0.0231403778195666	0.0417329357208368	1.33187716	-1.361601738	2.415569395	-2.192776988	1.346739449	2.3041731915	3.37055128795351e-05	9.14863921015953e-05
Rpl30	0.00107736419535147	0.0033808471245596	0.00431795740916523	0.0108645379972545	1.731487392	-1.975283173	1.335940529	-1.949143114	1.8533852825	1.6425418215	6.17704044322617e-05	0.000150742454853042
Rpl31	0.000361452620950065	0.00162501521075895	0.0100738641978329	0.0205427818936201	1.620820976	-1.601868568	1.836489726	-2.095419565	1.611344772	1.9659546455	4.92409741527548e-05	0.000122412141351708
Rpl34	0.0192401384973245	0.0287727525709989	NA	NA	NA	NA	NA	-0.610036777	NA	0.610036777	NA	NA
Rpl35a	0.000250763755841091	0.00120677469561586	NA	NA	NA	NA	2.175588471	-1.961507629	NA	2.06854805	NA	NA
Rpl36a	3.59429185653455e-07	8.4465858628562e-06	4.25178036310612e-05	0.000176874063105215	NA	-2.896253959	NA	-3.59534098	2.896253959	3.59534098	3.95873682202009e-10	3.00863998473527e-09
Rpl37a	0.000163904374033181	0.000913975238252823	0.000435466418257475	0.00134520319303299	2.610038557	-2.221623189	2.291190964	-2.078259014	2.415830873	2.184724989	1.24587087748112e-06	4.539748676849e-06
Rpl4	0.00255613694746915	0.00627326722476588	NA	NA	NA	NA	NA	-1.365202306	NA	1.365202306	NA	NA
Rpl5	0.000196111111644119	0.00102413580525262	NA	NA	NA	NA	2.020057652	-2.252157197	NA	2.1361074245	NA	NA
Rpl6	0.000127851356471489	0.000778946227391112	0.019575904769003	0.0359275428701703	NA	-1.402549872	2.117528824	-2.384734384	1.402549872	2.251131604	3.47842429294303e-05	9.25260861922846e-05
Rpl7	6.9404347991013e-05	0.000474727309634246	NA	NA	NA	NA	NA	-2.410198169	NA	2.410198169	NA	NA
Rpl7a	NA	NA	0.0678176015972879	0.102217834291564	0.946281702	NA	NA	NA	0.946281702	NA	NA	NA
Rpl8	2.28633563242249e-05	0.000203298492720811	0.000840918529082027	0.00247515642522257	2.746226761	-1.784830863	2.876133814	-2.494840763	2.265528812	2.6854872885	3.60818294567251e-07	1.59962777258148e-06
Rpl9	5.9311662278338e-05	0.000424207323686374	0.00581678608688385	0.0142900571583288	2.055126225	-1.486731613	2.552622992	-2.347765927	1.770928919	2.4501944595	5.47855227767662e-06	1.79912951340985e-05
Rplp0	0.000540335813358147	0.00211631526898608	0.00586922439811349	0.0143062344704016	1.763709007	-1.773096941	1.931456141	-1.768567592	1.768402974	1.8500118665	4.33249595311529e-05	0.000108721124861195
Rps10	0.0168968138366586	0.0262219422276447	NA	NA	NA	NA	0.392647144	-0.93669035	NA	0.664668747	NA	NA
Rps11	6.84071276126153e-05	0.000474727309634246	0.00209363144745812	0.00572993869830645	2.252930296	-1.833927324	2.678545212	-2.149248574	2.04342881	2.413896893	2.40019653917884e-06	7.98065349276965e-06
Rps12	NA	NA	0.106434358462091	0.146288633657147	0.749062231	NA	NA	NA	0.749062231	NA	NA	NA
Rps13	0.000233386509115816	0.0011812947922939	0.00846705070134476	0.0183452765195803	1.534360472	-1.7916076	2.094573898	-2.082224559	1.662984036	2.0883992285	2.79308985519377e-05	7.98883765033917e-05
Rps14	0.000822602648908979	0.00291006743538768	0.019374113889271	0.0357675948725004	1.329468079	-1.482452173	1.736994448	-1.713024252	1.405960126	1.72500935	0.000191993101813549	0.000405318770495271
Rps15	0.0398872532428102	0.0527942464135198	NA	NA	NA	NA	-0.677541091	-1.240452113	NA	0.281455511	NA	NA
Rps15a	0.000860725853213234	0.00298082953375952	0.00453968241269403	0.0112411183552423	1.994507316	-1.68492074	1.698440756	-1.724134745	1.839714028	1.7112877505	5.2565113336311e-05	0.000129465927291284
Rps16	0.000887744560985821	0.00304237458921183	0.00693731759285732	0.0161111526326668	1.718175283	-1.72356289	1.581495871	-1.822299027	1.7208690865	1.701897449	8.00469871311893e-05	0.000186776303306108
Rps17	0.000365504941021771	0.00162501521075895	0.0367775400001236	0.060392592000203	0.293958979	-2.074000581	1.847676272	-2.077893512	1.18397978	1.962784892	0.00016422679276607	0.000355946333947414
Rps18	0.000728486425666982	0.00269294420274648	0.0267067519765043	0.0470763085687534	1.230817842	-1.36464493	1.898982227	-1.624154275	1.297731386	1.761568251	0.000230496784425441	0.000475287943078817
Rps19	0.00197158898237503	0.00514803789842368	0.0549884831737733	0.0859728737932464	0.901108243	-1.161136955	1.397857712	-1.503813791	1.031122599	1.4508357515	0.00109819167160848	0.00189687652368738
Rps2	0.00257915269669858	0.00627326722476588	NA	NA	NA	NA	1.618943383	-1.10547323	NA	1.3622083065	NA	NA
Rps20	0.00564828867557077	0.0109957809127975	0.0171537433520738	0.0320477121308205	1.481867227	-1.40939319	0.932590365	-1.246600844	1.4456302085	1.0895956045	0.000992334487000804	0.00173658535225141
Rps24	9.30595848435365e-06	0.000113394827457494	0.00296821839898711	0.00791524906396563	1.953488751	NA	3.202809492	-2.591092533	1.953488751	2.8969510125	5.08375372619629e-07	2.1464737955051e-06
Rps25	0.000194149222597199	0.00102413580525262	0.00305783812458472	0.00797282258655138	1.945682608	NA	2.138847227	NA	1.945682608	2.138847227	9.10518134131813e-06	2.84938616093014e-05
Rps27a	0.0126897651012395	0.0210954103653682	0.265217733125345	0.304220340937895	-0.046995569	-0.555735799	1.130140135	-0.433038758	0.254370115	0.7815894465	0.0225295474327986	0.0292334615469484
Rps3	0.00197006255174824	0.00514803789842368	0.0180490957009681	0.0335197491589407	1.383496944	-1.474773006	1.544831552	-1.357344632	1.429134975	1.451088092	0.000399824871523245	0.000765132487950958
Rps3a1	0.000661316727684588	0.0025008414184854	0.00929114394930652	0.0193255794145576	1.810196292	-1.460846153	1.806818964	-1.774034124	1.6355212225	1.790426544	7.98768793068135e-05	0.000186776303306108
Rps4x	0.000101346359338467	0.000649706291789522	0.000891413959883252	0.00259926313536051	2.388823247	-2.114847378	2.532840574	-2.091786579	2.2518353125	2.3123135765	1.55565168322511e-06	5.3740694511413e-06
Rps5	0.00505735566603716	0.0101455488666233	0.0477236850863765	0.0759683150354565	NA	-1.086354196	1.26141046	-0.997405483	1.086354196	1.1294079715	0.00225166453264139	0.0035440400336249
Rps6	0.000303146762151726	0.00141622372787444	0.00697117181221158	0.0161111526326668	NA	-1.719471215	1.72320904	-2.308072832	1.719471215	2.015640936	2.97281855699048e-05	8.23718475166111e-05
Rps8	4.95668751247882e-05	0.000370625043546712	0.00198736979329672	0.00553624442418372	1.425674135	-2.687520693	2.721438285	-2.269442641	2.056597414	2.495440463	1.6877455076728e-06	5.75564493642263e-06
Rps9	0.000989006869313092	0.00327801267338235	0.0238222332730503	0.0427157286275385	NA	-1.336901354	2.544707931	-0.793081765	1.336901354	1.668894848	0.000274618176911523	0.000541099518951593
Rpsa	0.00513175323505798	0.0101707639417715	0.0330417758893476	0.0566430443817387	NA	-1.222767571	1.614332928	-0.634016378	1.222767571	1.124174653	0.00164175086837483	0.00269571438881299
Rtcb	0.0106011594371238	0.0185520290149666	NA	NA	NA	NA	0.712023431	-0.993436265	NA	0.852729848	NA	NA
S100a10	0.000253092565341927	0.00120677469561586	9.90370388898779e-05	0.000359297164344673	2.600008027	-2.859247516	2.065985829	NA	2.7296277715	2.065985829	4.63756871324245e-07	1.98966657697176e-06
scFv 6H8	0.000746593238263006	0.00269922170756625	NA	NA	NA	NA	-4.755083722	4.875386905	NA	-4.8152353135	NA	NA
Sdha	0.00234202642424784	0.00594189894342476	0.00884260143274139	0.0187679703878593	1.68853847	-1.611843534	0.682573297	-2.106001047	1.650191002	1.394287172	0.000244060905369955	0.000495574052125252
Sept2	0.0076594051332776	0.0140779010550186	0.00736601308262343	0.0165337847609965	NA	-1.703595456	NA	-0.977241602	1.703595456	0.977241602	0.000608352133185121	0.0011083675851181
Serbp1	0.888885866252589	0.930338348530323	0.0551108165341323	0.0859728737932464	0.745108226	-1.315378721	-0.421843814	0.114367025	1.0302434735	-0.2681054195	0.196742286526848	0.212737594374559
Sf3b1	NA	NA	0.0153027360642509	0.0292911266996705	NA	-1.48221032	NA	NA	1.48221032	NA	NA	NA
Sfn	0.200102482771151	0.231808862083481	NA	NA	NA	NA	NA	2.400565253	NA	-2.400565253	NA	NA
Slc25a1	0.00228353402821787	0.00591561177388724	0.0335621309180479	0.0569734069414048	NA	-1.217155337	1.177407578	-1.627894829	1.217155337	1.4026512035	0.00080291317853388	0.00143338862744975
Slc25a12	0.00760218208688163	0.0140512241942925	0.140375791886406	0.185581555375249	NA	-0.615397542	NA	-0.980056174	0.615397542	0.980056174	0.00836948969501179	0.0117792817929796
Slc25a3	0.0530469116757646	0.0673839148313766	0.22670512883089	0.273096525850338	0.378622596	-0.325955223	0.176450439	-0.105162839	0.3522889095	0.140806639	0.0651891801723583	0.076727088167466
Slc25a4	0.0385147455309302	0.0517334145486661	0.170200462604354	0.219432001374208	0.580338474	-0.450045029	0.385707125	-0.210696422	0.5151917515	0.2982017735	0.0395115843363046	0.0484335549928895
Slc25a5	0.037744036760695	0.051313173943259	0.0984364846942562	0.138343167678414	0.944708548	-0.625088505	0.416731671	-0.198907581	0.7848985265	0.307819626	0.0245040079096224	0.0316410975920367
Snrpd2	NA	NA	0.0749853682230693	0.11140683278856	0.904195048	NA	NA	NA	0.904195048	NA	NA	NA
Snrpd3	NA	NA	0.309736422455827	0.350136825384848	NA	-0.14977665	NA	NA	0.14977665	NA	NA	NA
Spata7	NA	NA	0.0702756813232745	0.104909151066324	-1.426470353	NA	NA	NA	-1.426470353	NA	NA	NA
Sptan1	0.0415278724401928	0.0540026483510807	0.471701074191441	0.490569117159099	-0.225193968	0.383386346	0.622368152	0.098284796	-0.304290157	0.262041678	0.0966273518919736	0.108910489844343
Sptbn1	0.895360218342407	0.930338348530323	0.263442909504042	0.303564781631326	-0.753701373	NA	0.454491777	0.918462565	-0.753701373	-0.231985394	0.576587295502834	0.606214310686774
Syncrip	0.000635163623792729	0.00242987014218381	NA	NA	NA	NA	1.80240004	NA	NA	1.80240004	NA	NA
Tardbp	0.0362802195320007	0.0495277685727313	0.0878601346182853	0.125744779820665	NA	-0.835728602	0.326537348	NA	0.835728602	0.326537348	0.0215113907619157	0.0280491663856352
Tcp1	0.000992646022989715	0.00327801267338235	NA	NA	NA	NA	NA	-1.667767554	NA	1.667767554	NA	NA
Tecr	0.0031881116892103	0.0072839496232652	0.011902554742383	0.0236534845835892	NA	-1.56068538	1.22718656	-1.354095484	1.56068538	1.290641022	0.000424218340742105	0.000800298430052482
Them6	0.010211306722571	0.0179653471215287	0.179812442536282	0.228985641107429	NA	-0.485357579	0.867342995	NA	0.485357579	0.867342995	0.0134038607883502	0.0179167184407092
Tpi1	0.00168079630906577	0.00457009905522841	0.10959527704652	0.149972484379448	0.607484193	-0.8633886	1.09369538	-1.911207098	0.7354363965	1.502451239	0.00176828886516673	0.00286807828130702
Trim21	0.077016726459485	0.0931562610484212	0.000469352407400099	0.00143566618734148	NA	2.894080467	NA	3.004735081	-2.894080467	-3.004735081	0.000405865585797732	0.000771144613015691
Ttr	0.000385866884875993	0.00164870396265197	1.85240632515154e-05	8.02709407565666e-05	-2.576733797	4.518409244	-5.390108905	4.626614352	-3.5475715205	-5.0083616285	1.41215657067965e-07	7.087427316996e-07
Tuba1a	NA	NA	0.358355776090982	0.389571436029221	-0.367136214	-0.452708121	NA	NA	0.0427859535	NA	NA	NA
Tuba4a	NA	NA	0.190179294318833	0.238296947098297	NA	0.94927345	NA	NA	-0.94927345	NA	NA	NA
Tubb3	0.0399567396868281	0.0527942464135198	0.196676895805028	0.243504728139559	0.439889048	-0.43078114	0.233765377	-0.327475087	0.435335094	0.280620232	0.0459423719216554	0.0558021503705951
Tubb4a	NA	NA	0.365879718860537	0.393952438728609	0.02672925	NA	NA	NA	0.02672925	NA	NA	NA
Tubb5	0.0238502291985125	0.034798863714066	0.186592798140283	0.234745778305517	0.335597588	-0.594225422	0.622180704	-0.41240458	0.464911505	0.517292642	0.028547609340987	0.0361603051652502
Tufm	NA	NA	0.576161786147666	0.583644406746986	NA	0.093830572	NA	NA	-0.093830572	NA	NA	NA
Txn	0.000381355191560718	0.00164870396265197	0.00729679419597782	0.0164970999213412	NA	-1.706323469	1.95069236	NA	1.706323469	1.95069236	3.8378866416166e-05	9.91143540456327e-05
U2af1	0.921044438141181	0.930464117024924	NA	NA	NA	NA	-0.070042401	NA	NA	-0.070042401	NA	NA
U5LP42	0.0689520041813406	0.0840192939839299	3.13763755884177e-05	0.000132289583561977	-3.449217513	NA	-3.184424571	2.945457883	-3.449217513	-3.064941227	3.03832552930412e-05	8.33190299788552e-05
Upf1	0.00084861861070934	0.00297016513748269	0.0349201823992764	0.0585757898310443	1.378678078	-1.026998624	1.943546308	-1.487621392	1.202838351	1.71558385	0.000338614646119146	0.000652691999041253
Uqcrc2	0.0427348273877435	0.0553533787817622	0.145145445318455	0.191077548267333	NA	-0.59847875	0.03040671	-0.465898545	0.59847875	0.2481526275	0.0377299343717416	0.0466798257808524
Vcp	0.72850814832531	0.796276348169525	0.426368452789544	0.446399185470932	0.524966332	1.316956668	-0.815808587	0.986956963	-0.395995168	-0.901382775	0.673783927533036	0.697379473633415
Vdac1	0.0290307257037503	0.0413467911538262	0.150104259743567	0.195952004351435	NA	-0.581281116	0.587749018	-0.271443811	0.581281116	0.4295964145	0.0280449829756341	0.0356936146962615
Vim	0.343789054418349	0.392731246193183	0.00219308836243062	0.00594994407894221	-2.620867042	2.43239825	-1.839699349	2.0531461	-2.526632646	-1.9464227245	0.00617505988716255	0.00887873475667696
VM13	0.103426810097317	0.123736074625518	NA	NA	NA	NA	-2.835986111	NA	NA	-2.835986111	NA	NA
X5J4I8	0.00277747439344641	0.00657402212549545	2.38314404650418e-07	1.90651523720334e-06	-4.325221195	4.226431461	-4.398390951	NA	-4.275826328	-4.398390951	1.46520135362685e-08	8.66096800143869e-08
X5J4T8	0.0663567274044339	0.0817654056781227	0.00186516723646737	0.00524263223223262	-2.040081503	3.095012956	-3.085466091	NA	-2.5675472295	-3.085466091	0.00123730683426869	0.00209632877653167
X5J5C6	NA	NA	2.99481310388809e-11	1.86876337682617e-09	-5.482613431	NA	NA	NA	-5.482613431	NA	NA	NA
Ywhab	0.011843841264838	0.0202949155006859	0.0100188155807098	0.0205427818936201	NA	-1.612990455	1.255984068	-0.362176483	1.612990455	0.8090802755	0.00119126860503548	0.00203269901787257
Ywhag	0.00492934020437399	0.0100108205385126	0.0801880050391095	0.11745848625447	0.726918386	-1.02414974	1.240802778	-1.036348324	0.875534063	1.138575551	0.00349261359765561	0.00527860918736586
Ywhah	0.00117735436111085	0.00362008957762121	0.0360937470265055	0.0595833284247075	1.052137623	-1.329522196	1.3934162	-1.836604321	1.1908299095	1.6150102605	0.00047025625849183	0.000868667810825185
Ywhaq	0.0115163190062092	0.0199414155423307	0.0534372034520455	0.0846315100357268	0.758985343	-1.32582864	NA	-0.820183245	1.0424069915	0.820183245	0.00516519784948514	0.00759084324841463
Ywhaz	0.00426281277772313	0.00910691820695396	0.0620214379727658	0.0948563168995242	NA	-0.982904762	1.296428039	-1.083660944	0.982904762	1.1900444915	0.00244242258621511	0.00379932402300128
